665565115366242623414134554336616145
131631522542316412466214455121145241
131264322144253626633115342614232522
461331235346113413654266652465361624
124615645131451663122163563412424162
526254553354125425216215255123514361
256361352516561644331645156154641443
313514515132223322365156466522616144
352156415254532141422621313533115226
313153645366313414433561514124664261
315466123232116123541656564231151413
513413115154355451316546455162244155
433154431316323124151631164513363256
161466263232642533224142614346432332
463563113464231156251616364361525433
315356134226526515153131265614654615
531562456442436433235141511645131313
256565234664163352334112462416266454
315152526226543135645223355323112556
242134351542361312443151615144412631
663361134164315412612562265125641133
315144664421512435532122216432414415
635455434543154254625133123464563526
343151341565421161152434411661623232
113315131541365626241352363262155243
433251654553626414242643626513142545
133554464315315233334153511546211626
453646315531331456233614456311336122
231443566546533251435211124144413264
526356425315241433516653614615552365
252646234531623316634124325626625641
612315132243345313161545231654564142
331556515315641552133155522364631224
643153315451355132216513425135126326
331545261253225355132134144162235661
315342622515564512115245626413313213
431515532455242341233131332115462354
153315345242164463326554243226535436
456342215625336114462644623123664532
226455453261615531415115336556141213
